20210709
20210930
202201040937
202201061155
202201112216
202201170932
202201231150
202201242301
202201301402
202201301715
202202021751
202202080850
202202141020
202202171248
202202222114
202203151012
202203161958
202204061807
202205031937
202207161854
202208281915
202210272024
202301302053
202302191934
202303192050
202303202029
202304111958
202304112355
202305032134
202308110801
202308230906
202308240759
202309141429
202311180909
202311292010
202312071945
202312101058
202312132015
20231215140531
20240106124758
20240118204458
20240203212100
20240219203953
20240305094727
